/node0/timestamp,/node0/temperature,/node0/humidity
1647370303.4655535,22.12,0.53
1647370308.6672235,22.15,0.52
1647370313.8692212,22.1,0.52
1647370319.0570788,22.1,0.52
1647370324.278292,22.09,0.53
1647370329.458366,22.09,0.52
1647370333.6266983,22.1,0.52
1647370338.8237042,22.1,0.52
1647370344.0303557,22.1,0.52
1647370349.2274847,22.1,0.52
1647370354.4158359,22.1,0.53
1647370358.5786662,22.09,0.53
1647370363.7887506,22.09,0.52
1647370368.9826152,22.09,0.52
1647370374.1921482,22.06,0.52
1647370379.3908253,22.05,0.53
1647370383.5520911,22.05,0.53
1647370388.7425442,22.04,0.53
1647370393.939804,22.04,0.53
1647370399.1351051,22.05,0.53
1647370404.3554273,22.04,0.53
1647370409.538224,22.04,0.53
1647370413.7042518,22.05,0.53
